image: /root/ros1_ws/src/robot_pkg/data/2024_11_13_18_35_34___A/map.pgm
resolution: 0.050000
origin: [-0.587540, -2.642967, 0.000000]
negate: 0
occupied_thresh: 0.65
free_thresh: 0.196

