image: /home/user/ros1_ws/src/robot_pkg/data/2023_11_1_13_15_43_999_999_B/map.pgm
resolution: 0.050000
origin: [-0.926497, -3.212905, 0.000000]
negate: 0
occupied_thresh: 0.65
free_thresh: 0.196

