image: /root/ros1_ws/src/robot_pkg/data/2024_11_13_16_5_27___A/map.pgm
resolution: 0.050000
origin: [-0.588508, -3.518245, 0.000000]
negate: 0
occupied_thresh: 0.65
free_thresh: 0.196

