image: /home/user/ros1_ws/src/robot_pkg/data/2023_12_14_14_44_54_4_1_B/map.pgm
resolution: 0.050000
origin: [-0.919031, -12.184697, 0.000000]
negate: 0
occupied_thresh: 0.65
free_thresh: 0.196

