image: /home/user/ros1_ws/src/robot_pkg/data/2023_7_12_14_41_44___A/map.pgm
resolution: 0.050000
origin: [-0.583455, -7.296502, 0.000000]
negate: 0
occupied_thresh: 0.65
free_thresh: 0.196

