image: /root/ros1_ws/src/robot_pkg/data/2024_12_5_15_45_58_1_1_A/map.pgm
resolution: 0.050000
origin: [-0.591105, -12.129234, 0.000000]
negate: 0
occupied_thresh: 0.65
free_thresh: 0.196

