image: /home/user/ros1_ws/src/robot_pkg/data/2023_7_12_16_46_22_1_2_C/map.pgm
resolution: 0.050000
origin: [-0.616581, -4.483844, 0.000000]
negate: 0
occupied_thresh: 0.65
free_thresh: 0.196

