image: /home/user/ros1_ws/src/robot_pkg/data/2023_6_19_16_18_38___A/map.pgm
resolution: 0.050000
origin: [-0.685175, -7.358880, 0.000000]
negate: 0
occupied_thresh: 0.65
free_thresh: 0.196

