image: /root/ros1_ws/src/robot_pkg/data/2024_10_26_12_54_45_1_1_A/map.pgm
resolution: 0.050000
origin: [-0.585542, -3.547129, 0.000000]
negate: 0
occupied_thresh: 0.65
free_thresh: 0.196

