image: /root/ros1_ws/src/robot_pkg/data/2024_10_26_16_12_42___A/map.pgm
resolution: 0.050000
origin: [-0.582524, -2.875982, 0.000000]
negate: 0
occupied_thresh: 0.65
free_thresh: 0.196

