image: /home/user/ros1_ws/src/robot_pkg/data/2023_6_29_13_50_55___A/map.pgm
resolution: 0.050000
origin: [-0.586223, -7.308154, 0.000000]
negate: 0
occupied_thresh: 0.65
free_thresh: 0.196

