image: /home/user/ros1_ws/src/robot_pkg/data/2023_11_1_13_32_33_999_999_B/map.pgm
resolution: 0.050000
origin: [-0.930278, -3.178168, 0.000000]
negate: 0
occupied_thresh: 0.65
free_thresh: 0.196

