image: /root/ros1_ws/src/robot_pkg/data/2024_10_26_17_1_8___A/map.pgm
resolution: 0.050000
origin: [-0.581549, -2.574526, 0.000000]
negate: 0
occupied_thresh: 0.65
free_thresh: 0.196

