image: /home/user/ros1_ws/src/robot_pkg/data/2023_11_1_14_59_44_2_2_C/map.pgm
resolution: 0.050000
origin: [-0.619281, -12.190343, 0.000000]
negate: 0
occupied_thresh: 0.65
free_thresh: 0.196

