image: /home/nakken/ros_ws/res_ws/src/robot_pkg/data/2021_1_20_14_37_36_yt_5_1_B_be/39/map.pgm
resolution: 0.050000
origin: [-10.000000, -10.000000, 0.000000]
negate: 0
occupied_thresh: 0.65
free_thresh: 0.196

