image: /home/user/ros1_ws/src/robot_pkg/data/2023_11_29_14_22_39_3_1_C/map.pgm
resolution: 0.050000
origin: [-0.615716, -12.187292, 0.000000]
negate: 0
occupied_thresh: 0.65
free_thresh: 0.196

