image: /home/user/ros1_ws/src/robot_pkg/data/2023_6_29_16_19_41___B/map.pgm
resolution: 0.050000
origin: [-0.915056, -11.214001, 0.000000]
negate: 0
occupied_thresh: 0.65
free_thresh: 0.196

