image: /home/user/ros1_ws/src/robot_pkg/data/2023_6_26_16_57_25___A/map.pgm
resolution: 0.050000
origin: [-0.597551, -2.653120, 0.000000]
negate: 0
occupied_thresh: 0.65
free_thresh: 0.196

