image: /home/user/ros1_ws/src/robot_pkg/data/2023_6_29_13_9_15___A/map.pgm
resolution: 0.050000
origin: [-0.590060, -7.277629, 0.000000]
negate: 0
occupied_thresh: 0.65
free_thresh: 0.196

