image: /home/user/ros1_ws/src/robot_pkg/data/2023_6_15_14_24_43___C/map.pgm
resolution: 0.050000
origin: [-0.603621, -0.993218, 0.000000]
negate: 0
occupied_thresh: 0.65
free_thresh: 0.196

