image: /home/user/ros1_ws/src/robot_pkg/data/2023_11_29_13_22_29_99_99_A/map.pgm
resolution: 0.050000
origin: [-0.579313, -3.354622, 0.000000]
negate: 0
occupied_thresh: 0.65
free_thresh: 0.196

