image: /root/ros1_ws/src/robot_pkg/data/2024_12_5_17_4_53___A/map.pgm
resolution: 0.050000
origin: [-0.581509, -3.471701, 0.000000]
negate: 0
occupied_thresh: 0.65
free_thresh: 0.196

