image: /root/ros1_ws/src/robot_pkg/io/map.pgm
resolution: 0.050000
origin: [-0.578317, -0.997633, 0.000000]
negate: 0
occupied_thresh: 0.65
free_thresh: 0.196

