image: /home/user/ros1_ws/src/robot_pkg/io/map.pgm
resolution: 0.050000
origin: [-0.919031, -12.184697, 0.000000]
negate: 0
occupied_thresh: 0.65
free_thresh: 0.196

