image: /root/ros1_ws/src/robot_pkg/data/2024_10_31_11_52_10___A/map.pgm
resolution: 0.050000
origin: [-0.585043, -7.295108, 0.000000]
negate: 0
occupied_thresh: 0.65
free_thresh: 0.196

