image: /root/ros1_ws/src/robot_pkg/data/2024_10_26_15_53_46___A/map.pgm
resolution: 0.050000
origin: [-0.585504, -3.479695, 0.000000]
negate: 0
occupied_thresh: 0.65
free_thresh: 0.196

