image: /home/user/ros1_ws/src/robot_pkg/data/2023_7_12_15_49_13_1_1_A/map.pgm
resolution: 0.050000
origin: [-0.595859, -7.285390, 0.000000]
negate: 0
occupied_thresh: 0.65
free_thresh: 0.196

