image: /home/user/ros1_ws/src/robot_pkg/data/2023_11_1_14_15_34_]2_1_B/map.pgm
resolution: 0.050000
origin: [-0.923385, -12.370146, 0.000000]
negate: 0
occupied_thresh: 0.65
free_thresh: 0.196

