image: /home/user/ros1_ws/src/robot_pkg/data/2023_12_14_14_4_8_4_1_C/map.pgm
resolution: 0.050000
origin: [-0.621707, -12.256203, 0.000000]
negate: 0
occupied_thresh: 0.65
free_thresh: 0.196

