image: /root/ros1_ws/src/robot_pkg/data/2024_12_6_8_54_21___A/map.pgm
resolution: 0.050000
origin: [-0.587905, -3.531173, 0.000000]
negate: 0
occupied_thresh: 0.65
free_thresh: 0.196

