image: /home/user/ros1_ws/src/robot_pkg/data/2023_6_27_11_21_50___A/map.pgm
resolution: 0.050000
origin: [-0.589855, -12.179057, 0.000000]
negate: 0
occupied_thresh: 0.65
free_thresh: 0.196

