image: /home/user/ros1_ws/src/robot_pkg/data/2023_7_12_16_30_49_1_2_B/map.pgm
resolution: 0.050000
origin: [-0.920181, -11.190544, 0.000000]
negate: 0
occupied_thresh: 0.65
free_thresh: 0.196

