image: /home/user/ros1_ws/src/robot_pkg/data/2023_6_29_14_13_11___A/map.pgm
resolution: 0.050000
origin: [-0.591452, -7.246453, 0.000000]
negate: 0
occupied_thresh: 0.65
free_thresh: 0.196

