image: /home/user/ros1_ws/src/robot_pkg/data/2023_6_30_11_45_43___A/map.pgm
resolution: 0.050000
origin: [-0.582314, -7.275293, 0.000000]
negate: 0
occupied_thresh: 0.65
free_thresh: 0.196

