image: /root/ros1_ws/src/robot_pkg/data/2024_12_6_16_31_41___B/map.pgm
resolution: 0.050000
origin: [-0.924478, -0.662940, 0.000000]
negate: 0
occupied_thresh: 0.65
free_thresh: 0.196

