image: /home/user/ros1_ws/src/robot_pkg/data/2023_11_29_15_7_26_3_2_A/map.pgm
resolution: 0.050000
origin: [-0.586408, -7.294428, 0.000000]
negate: 0
occupied_thresh: 0.65
free_thresh: 0.196

