image: /root/ros1_ws/src/robot_pkg/data/2024_11_28_12_6_43___A/map.pgm
resolution: 0.050000
origin: [-0.590480, -7.329341, 0.000000]
negate: 0
occupied_thresh: 0.65
free_thresh: 0.196

