image: /home/user/ros1_ws/src/robot_pkg/data/2023_12_14_13_23_37_99_99_A/map.pgm
resolution: 0.050000
origin: [-0.581611, -5.913453, 0.000000]
negate: 0
occupied_thresh: 0.65
free_thresh: 0.196

