image: /home/user/ros1_ws/src/robot_pkg/data/2023_6_28_14_47_42___A/map.pgm
resolution: 0.050000
origin: [-0.581248, -7.359089, 0.000000]
negate: 0
occupied_thresh: 0.65
free_thresh: 0.196

