image: /home/user/ros1_ws/src/robot_pkg/data/2022_10_22_0_38_45_ht_1_1_B_ee/map.pgm
resolution: 0.050000
origin: [-10.000000, -10.000000, 0.000000]
negate: 0
occupied_thresh: 0.65
free_thresh: 0.196

