image: /home/nakken/ros_ws/res_ws/src/robot_pkg/data/2021_1_14_5_36_42_sm_3_1_A_be/5/map.pgm
resolution: 0.050000
origin: [-10.000000, -10.000000, 0.000000]
negate: 0
occupied_thresh: 0.65
free_thresh: 0.196

