image: /root/ros1_ws/src/robot_pkg/data/2024_11_15_10_57_32___A/map.pgm
resolution: 0.050000
origin: [-0.580848, -7.304204, 0.000000]
negate: 0
occupied_thresh: 0.65
free_thresh: 0.196

