image: /root/ros1_ws/src/robot_pkg/data/2024_10_26_13_3_9___A/map.pgm
resolution: 0.050000
origin: [-0.584052, -2.861863, 0.000000]
negate: 0
occupied_thresh: 0.65
free_thresh: 0.196

