image: /root/ros1_ws/src/robot_pkg/data/2024_10_25_16_7_23_1_1_A/map.pgm
resolution: 0.050000
origin: [-0.588438, -2.666583, 0.000000]
negate: 0
occupied_thresh: 0.65
free_thresh: 0.196

